"TotalCO2Emission": [
[ 
  1973,
  394.5959,
],
[
  1974,
  381.2461,
],
[
  1975,
  369.9231,
],
[
  1976,
  392.2331,
],
[
  1977,
  403.9151,
],
[
  1978,
  408.0883,
],
[
  1979,
  413.8025,
],
[
  1980,
  397.6067,
],
[
  1981,
  387.1409,
],
[
  1982,
  367.0975,
],
[
  1983,
  364.7817,
],
[
  1984,
  384.4861,
],
[
  1985,
  383.3526,
],
[
  1986,
  383.9715,
],
[
  1987,
  397.1629,
],
[
  1988,
  415.3573,
],
[
  1989,
  422.5095,
],
[
  1990,
  419.8862,
],
[
  1991,
  416.0508,
],
[
  1992,
  423.9184,
  1993,
  432.0535,
  1994,
  438.4483,
  1995,
  443.5635,
  1996,
  459.1494,
  1997,
  465.3373,
  1989,
  422.5095,
  1990,
  419.8862,
  1991,
  416.0508,
  1992,
  423.9184,
  1993,
  432.0535,
  1994,
  438.4483,
  1995,
  443.5635,
  1996,
  459.1494,
  1997,
  465.3373,
  1998,
  469.6208,
  1999,
  473.9799,
  2000,
  488.9896,
  2001,
  480.1088,
  2002,
  483.7007,
  2003,
  487.7896,
  2004,
  497.5153,
  2005,
  499.4431,
  2006,
  492.4992,
  2007,
  500.0391,
  2008,
  484.079,
  2009,
  448.7995,
  2010,
  465.1588,
  2011,
  453.7245,
  2012,
  435.9971,
  2013,
  446.705,
  2014,
  450.5351,
  2015,
  438.2588,
]